ONEWEB-0101             
1 70101C 21025A   21084.97423611  .00001965  00000-0  53327-4 0   847
2 70101  87.3979 349.8804 0004381 266.2834 201.9887 15.37669391    13
ONEWEB-0107             
1 70107C 21025B   21084.90208333 -.00000456  00000-0 -11890-4 0   843
2 70107  87.3961 349.9026 0006924 293.7323 138.2273 15.38903155    11
ONEWEB-0108             
1 70108C 21025C   21085.10138889  .00013510  00000-0  31477-3 0   851
2 70108  87.4006 349.8321 0008134 253.7565 212.5166 15.42289760    10
ONEWEB-0112             
1 70112C 21025D   21085.09236111  .00010537  00000-0  26001-3 0   854
2 70112  87.3989 349.8357 0003026 290.0055 120.6242 15.40590116    18
ONEWEB-0113             
1 70113C 21025E   21084.91034722 -.00000017  00000-0 -43971-6 0   840
2 70113  87.3984 349.8990 0005630 259.4885 220.6121 15.39889000    18
ONEWEB-0115             
1 70115C 21025F   21085.22986111  .00005657  00000-0  13846-3 0   854
2 70115  87.3999 349.7854 0003997 293.0502 160.5117 15.40834916    13
ONEWEB-0116             
1 70116C 21025G   21085.10201389  .00009294  00000-0  22835-3 0   858
2 70116  87.3970 349.8342 0003553 292.2350 172.3104 15.40718344    19
ONEWEB-0148             
1 70148C 21025H   21085.23118056  .00005376  00000-0  13777-3 0   857
2 70148  87.3948 349.7873 0007132 272.9222 182.8076 15.39422191    11
ONEWEB-0149             
1 70149C 21025J   21085.23611111  .00005140  00000-0  13507-3 0   858
2 70149  87.3968 349.7851 0006245 299.5741 180.7305 15.38656406    14
ONEWEB-0150             
1 70150C 21025K   21084.90972222  .00001261  00000-0  31600-4 0   840
2 70150  87.3982 349.9007 0004636 256.3589 220.8699 15.40128193    12
ONEWEB-0151             
1 70151C 21025L   21085.23055556  .00005603  00000-0  13860-3 0   852
2 70151  87.4006 349.7882 0003195 271.7197 184.5225 15.40518886    18
ONEWEB-0152             
1 70152C 21025M   21085.23395833  .00005461  00000-0  13839-3 0   856
2 70152  87.3981 349.7867 0006147 258.8985 213.4489 15.39765187    14
ONEWEB-0153             
1 70153C 21025N   21085.23611111  .00005182  00000-0  13566-3 0   854
2 70153  87.3981 349.7880 0006527 296.1920 184.5003 15.38765932    13
ONEWEB-0154             
1 70154C 21025P   21084.97569444  .00001144  00000-0  30687-4 0   843
2 70154  87.3966 349.8788 0003779 286.7911 190.4608 15.38033457    13
ONEWEB-0155             
1 70155C 21025Q   21085.22979167  .00005812  00000-0  13905-3 0   850
2 70155  87.3998 349.7885 0006867 280.6557 175.0391 15.41507833    12
ONEWEB-0156             
1 70156C 21025R   21084.90430556  .00000792  00000-0  20583-4 0   841
2 70156  87.3974 349.9047 0007255 290.9349 153.5837 15.39012369    12
ONEWEB-0157             
1 70157C 21025S   21085.23541667  .00005417  00000-0  13623-3 0   851
2 70157  87.3979 349.7876 0005131 256.1687 225.1405 15.40008172    12
ONEWEB-0158             
1 70158C 21025T   21085.10180556  .00012657  00000-0  30844-3 0   852
2 70158  87.3980 349.8331 0004572 295.2853 168.8904 15.40958697    12
ONEWEB-0159             
1 70159C 21025U   21084.90972222  .00001299  00000-0  32415-4 0   845
2 70159  87.3992 349.9020 0003709 258.1376 219.4293 15.40263702    11
ONEWEB-0160             
1 70160C 21025V   21085.23680556  .00004988  00000-0  13336-3 0   859
2 70160  87.3976 349.7859 0003794 298.8193 183.4969 15.38134186    15
ONEWEB-0161             
1 70161C 21025W   21085.23673611  .00004924  00000-0  13259-3 0   858
2 70161  87.3993 349.7880 0003882 277.6054 203.5826 15.37918331    15
ONEWEB-0162             
1 70162C 21025X   21085.16729167  .00007966  00000-0  21535-3 0   854
2 70162  87.3954 349.8099 0004116 271.0701 185.5178 15.37789769    14
ONEWEB-0163             
1 70163C 21025Y   21085.10131944  .00009508  00000-0  22645-3 0   856
2 70163  87.3973 349.8303 0007297 277.8640 185.8526 15.41639454    13
ONEWEB-0164             
1 70164C 21025Z   21085.23118056  .00005351  00000-0  13772-3 0   853
2 70164  87.3992 349.7873 0007278 277.5257 177.7114 15.39284097    15
ONEWEB-0166             
1 70166C 21025AA  21085.07173611  .00012678  00000-0  30079-3 0   854
2 70166  87.3990 349.8435 0007664 275.5684  24.4276 15.41746982    17
ONEWEB-0167             
1 70167C 21025AB  21085.23187500  .00004964  00000-0  13115-3 0   856
2 70167  87.3964 349.7883 0005333 303.1882 153.1106 15.38496988    10
ONEWEB-0168             
1 70168C 21025AC  21084.50201389  .00006421  00000-0  17108-3 0   843
2 70168  87.3951 350.0490 0004394 305.2024  71.3381 15.38238877    10
ONEWEB-0169             
1 70169C 21025AD  21084.91041667 -.00000046  00000-0 -11674-5 0   843
2 70169  87.3977 349.9015 0007033 270.9556 208.6510 15.39531238    17
ONEWEB-0170             
1 70170C 21025AE  21085.23125000  .00005271  00000-0  13617-3 0   856
2 70170  87.3961 349.7874 0007477 280.9936 174.2221 15.39170425    12
ONEWEB-0171             
1 70171C 21025AF  21084.77631944  .00002471  00000-0  59360-4 0   848
2 70171  87.3979 349.9477 0006607 286.2137 174.5165 15.41396576    19
ONEWEB-0172             
1 70172C 21025AG  21085.23048611  .00005512  00000-0  13697-3 0   856
2 70172  87.3965 349.7859 0003470 262.4139 192.9330 15.40379360    19
ONEWEB-0173             
1 70173C 21025AH  21084.90972222  .00000011  00000-0  27797-6 0   841
2 70173  87.3977 349.9010 0003143 282.6884 195.7867 15.40626017    12
ONEWEB-0174             
1 70174C 21025AJ  21084.84354167 -.00000743  00000-0 -17185-4 0   849
2 70174  87.3992 349.9244 0008099 248.0342 228.1765 15.42533458    15
ONEWEB-0175             
1 70175C 21025AK  21084.83916667 -.00001877  00000-0 -49796-4 0   840
2 70175  87.3985 349.9263 0004892 304.5692 137.9651 15.38379982    18
ONEWEB-0177             
1 70177C 21025AL  21085.09861111  .00009521  00000-0  22092-3 0   856
2 70177  87.3966 349.8338 0008082 249.8420 201.4365 15.42416181    13
ONEWEB-0178             
1 70178C 21025AM  21085.22902778  .00006030  00000-0  14100-3 0   850
2 70178  87.3978 349.7870 0008201 256.4722 197.5570 15.42187660    19
